{
 "cells": [
  {
   "cell_type": "markdown",
   "id": "67511341",
   "metadata": {},
   "source": [
    "# Python for Data Science\n",
    "\n",
    "[![Open In Colab](https://colab.research.google.com/assets/colab-badge.svg)](https://colab.research.google.com/github/AI-Core/Python-for-Data-Science/blob/main/Part%203%20-%20Feature%20Engineering.ipynb)\n"
   ]
  },
  {
   "cell_type": "markdown",
   "id": "f3f961b1",
   "metadata": {},
   "source": [
    "## The Problem\n",
    "\n",
    "__Loan default prediction__ is one of the most critical and crucial problems faced by financial institutions and organizations as it has a noteworthy effect on the profitability of these institutions. In recent years, there is a tremendous increase in the volume of _non–performing_ loans which results in a jeopardizing effect on the growth of these institutions. \n",
    "\n",
    "Therefore, to maintain a healthy portfolio, banks put stringent monitoring and evaluation measures in place to ensure the timely repayment of loans by borrowers. Despite these measures, a major proportion of loans become delinquent. _Delinquency_ occurs when a borrower misses a payment against his/her loan.\n",
    "\n",
    "Given the information like mortgage details, borrowers-related details, and payment details, your objective is to build a system that can predict the defaulter status of loans for the next month given the defaulter status for the previous 12 months (in the number of months).\n",
    "\n"
   ]
  },
  {
   "cell_type": "code",
   "execution_count": null,
   "id": "f77141fd",
   "metadata": {},
   "outputs": [],
   "source": [
    "import pandas as pd\n",
    "df = pd.read_csv(\n",
    "    \"https://raw.githubusercontent.com/AI-Core/Python-for-Data-Science/main/part-2-output.csv\")\n"
   ]
  },
  {
   "cell_type": "markdown",
   "id": "59f46728",
   "metadata": {},
   "source": [
    "# Part 3 - Feature Engineering\n",
    "\n",
    "After having performed EDA and getting an understanding of your data, it's up to you to create features from the data based on this understanding. \n",
    "This process of creating new features is known as _feature engineering_.\n",
    "\n",
    "Feature engineering is one of the most crucial steps in machine learning.\n",
    "Creating the right features by applying __data understanding__ and __business knwoledge__ can improve the overall performance metrics by leaps and bounds. \n",
    "\n",
    "## Computing new features\n",
    "\n",
    "The typical approach is to generate a huge amount of different features using a variety of strategies.\n",
    "- Some of these features can be crafted by your intuition.\n",
    "- Some of these features can be informed by your interpretion of your EDA.\n",
    "- Some of these features can be generated by making random transformations and combinations of features which can end up being very valuable to the model. So you can choose to be creative here."
   ]
  },
  {
   "cell_type": "markdown",
   "id": "4332e5a9",
   "metadata": {},
   "source": [
    "### Features that make sense intuitively\n",
    "\n",
    "One idea is to calculate the number of months since their first payment and the start of their loan."
   ]
  },
  {
   "cell_type": "code",
   "execution_count": 31,
   "id": "659fdb03",
   "metadata": {},
   "outputs": [],
   "source": [
    "# number of days before the first payment from the originations date\n",
    "df['months_until_first_payment'] = (df['first_payment_date'] - df['origination_date'])//pd.Timedelta('29 days') # this will give us the number of months, dividing by 29 to cover corner case of February"
   ]
  },
  {
   "cell_type": "markdown",
   "id": "772302dd",
   "metadata": {},
   "source": [
    "Intuitively, there's probably not much more information contained in the exact number of days given to pay back the loan than there is in the number of months. Perhaps simplifying this value will make it easier to learn some useful relationships.\n",
    "\n",
    "Note: There is no point in keeping the both loan term in days and loan term in months as features, as they are completely dependent on one another. Here, we assume that this simplification will be helpful, and can discard the less helpful feature based on days."
   ]
  },
  {
   "cell_type": "code",
   "execution_count": 29,
   "id": "1f409afc",
   "metadata": {},
   "outputs": [],
   "source": [
    "# converting loan term into number of months, diving by 29 to cover the corner case of Feb \n",
    "df['loan_term'] =  df['loan_term'] // 29 "
   ]
  },
  {
   "cell_type": "markdown",
   "id": "fa2096cd",
   "metadata": {},
   "source": [
    "Another piece of business logic that makes sense if you know about loans work, is to determine whether the individual has taken insurance for the loan. In unforeseen circumstances, the insurance policy provides coverage for a certain amount of time and repays the monthly loan payments to be made by the individual.\n",
    "Instead of just knowing the percentage of insurance, it would be beneficial just to know if a __person has insurance or not__."
   ]
  },
  {
   "cell_type": "code",
   "execution_count": 30,
   "id": "a6b87a72",
   "metadata": {},
   "outputs": [],
   "source": [
    "#loan insurance covered Yes/No\n",
    "df['has_insurance'] = df['insurance_percent'].apply( lambda x :  0 if x == 0 else 1)"
   ]
  },
  {
   "cell_type": "markdown",
   "id": "aa21007f",
   "metadata": {},
   "source": [
    "Take a look at these features in your dataset now that you've created them."
   ]
  },
  {
   "cell_type": "code",
   "execution_count": 32,
   "id": "4cd1a457",
   "metadata": {},
   "outputs": [
    {
     "data": {
      "text/html": [
       "<div>\n",
       "<style scoped>\n",
       "    .dataframe tbody tr th:only-of-type {\n",
       "        vertical-align: middle;\n",
       "    }\n",
       "\n",
       "    .dataframe tbody tr th {\n",
       "        vertical-align: top;\n",
       "    }\n",
       "\n",
       "    .dataframe thead th {\n",
       "        text-align: right;\n",
       "    }\n",
       "</style>\n",
       "<table border=\"1\" class=\"dataframe\">\n",
       "  <thead>\n",
       "    <tr style=\"text-align: right;\">\n",
       "      <th></th>\n",
       "      <th>source</th>\n",
       "      <th>financial_institution</th>\n",
       "      <th>interest_rate</th>\n",
       "      <th>unpaid_principal_bal</th>\n",
       "      <th>loan_term</th>\n",
       "      <th>origination_date</th>\n",
       "      <th>first_payment_date</th>\n",
       "      <th>loan_to_value</th>\n",
       "      <th>number_of_borrowers</th>\n",
       "      <th>debt_to_income_ratio</th>\n",
       "      <th>borrower_credit_score</th>\n",
       "      <th>loan_purpose</th>\n",
       "      <th>insurance_percent</th>\n",
       "      <th>m1</th>\n",
       "      <th>m2</th>\n",
       "      <th>m3</th>\n",
       "      <th>m4</th>\n",
       "      <th>m5</th>\n",
       "      <th>m6</th>\n",
       "      <th>m7</th>\n",
       "      <th>m8</th>\n",
       "      <th>m9</th>\n",
       "      <th>m10</th>\n",
       "      <th>m11</th>\n",
       "      <th>m12</th>\n",
       "      <th>m13</th>\n",
       "      <th>has_insurance</th>\n",
       "      <th>months_until_first_payment</th>\n",
       "    </tr>\n",
       "    <tr>\n",
       "      <th>loan_id</th>\n",
       "      <th></th>\n",
       "      <th></th>\n",
       "      <th></th>\n",
       "      <th></th>\n",
       "      <th></th>\n",
       "      <th></th>\n",
       "      <th></th>\n",
       "      <th></th>\n",
       "      <th></th>\n",
       "      <th></th>\n",
       "      <th></th>\n",
       "      <th></th>\n",
       "      <th></th>\n",
       "      <th></th>\n",
       "      <th></th>\n",
       "      <th></th>\n",
       "      <th></th>\n",
       "      <th></th>\n",
       "      <th></th>\n",
       "      <th></th>\n",
       "      <th></th>\n",
       "      <th></th>\n",
       "      <th></th>\n",
       "      <th></th>\n",
       "      <th></th>\n",
       "      <th></th>\n",
       "      <th></th>\n",
       "      <th></th>\n",
       "    </tr>\n",
       "  </thead>\n",
       "  <tbody>\n",
       "    <tr>\n",
       "      <th>268055008619</th>\n",
       "      <td>Z</td>\n",
       "      <td>Turner, Baldwin and Rhodes</td>\n",
       "      <td>4.250</td>\n",
       "      <td>214000</td>\n",
       "      <td>12</td>\n",
       "      <td>2012-03-01</td>\n",
       "      <td>2012-05-01</td>\n",
       "      <td>95</td>\n",
       "      <td>1</td>\n",
       "      <td>22.0</td>\n",
       "      <td>694.0</td>\n",
       "      <td>C86</td>\n",
       "      <td>30.0</td>\n",
       "      <td>0</td>\n",
       "      <td>0</td>\n",
       "      <td>0</td>\n",
       "      <td>0</td>\n",
       "      <td>0</td>\n",
       "      <td>0</td>\n",
       "      <td>1</td>\n",
       "      <td>0</td>\n",
       "      <td>0</td>\n",
       "      <td>0</td>\n",
       "      <td>0</td>\n",
       "      <td>0</td>\n",
       "      <td>1</td>\n",
       "      <td>1</td>\n",
       "      <td>2</td>\n",
       "    </tr>\n",
       "    <tr>\n",
       "      <th>672831657627</th>\n",
       "      <td>Y</td>\n",
       "      <td>Swanson, Newton and Miller</td>\n",
       "      <td>4.875</td>\n",
       "      <td>144000</td>\n",
       "      <td>12</td>\n",
       "      <td>2012-01-01</td>\n",
       "      <td>2012-03-01</td>\n",
       "      <td>72</td>\n",
       "      <td>1</td>\n",
       "      <td>44.0</td>\n",
       "      <td>697.0</td>\n",
       "      <td>B12</td>\n",
       "      <td>0.0</td>\n",
       "      <td>0</td>\n",
       "      <td>0</td>\n",
       "      <td>0</td>\n",
       "      <td>0</td>\n",
       "      <td>0</td>\n",
       "      <td>0</td>\n",
       "      <td>0</td>\n",
       "      <td>0</td>\n",
       "      <td>0</td>\n",
       "      <td>0</td>\n",
       "      <td>1</td>\n",
       "      <td>0</td>\n",
       "      <td>1</td>\n",
       "      <td>0</td>\n",
       "      <td>2</td>\n",
       "    </tr>\n",
       "    <tr>\n",
       "      <th>742515242108</th>\n",
       "      <td>Z</td>\n",
       "      <td>Thornton-Davis</td>\n",
       "      <td>3.250</td>\n",
       "      <td>366000</td>\n",
       "      <td>6</td>\n",
       "      <td>2012-01-01</td>\n",
       "      <td>2012-03-01</td>\n",
       "      <td>49</td>\n",
       "      <td>1</td>\n",
       "      <td>33.0</td>\n",
       "      <td>780.0</td>\n",
       "      <td>B12</td>\n",
       "      <td>0.0</td>\n",
       "      <td>0</td>\n",
       "      <td>0</td>\n",
       "      <td>0</td>\n",
       "      <td>0</td>\n",
       "      <td>0</td>\n",
       "      <td>0</td>\n",
       "      <td>0</td>\n",
       "      <td>0</td>\n",
       "      <td>0</td>\n",
       "      <td>0</td>\n",
       "      <td>0</td>\n",
       "      <td>0</td>\n",
       "      <td>1</td>\n",
       "      <td>0</td>\n",
       "      <td>2</td>\n",
       "    </tr>\n",
       "    <tr>\n",
       "      <th>601385667462</th>\n",
       "      <td>X</td>\n",
       "      <td>OTHER</td>\n",
       "      <td>4.750</td>\n",
       "      <td>135000</td>\n",
       "      <td>12</td>\n",
       "      <td>2012-02-01</td>\n",
       "      <td>2012-04-01</td>\n",
       "      <td>46</td>\n",
       "      <td>2</td>\n",
       "      <td>44.0</td>\n",
       "      <td>633.0</td>\n",
       "      <td>B12</td>\n",
       "      <td>0.0</td>\n",
       "      <td>0</td>\n",
       "      <td>0</td>\n",
       "      <td>0</td>\n",
       "      <td>0</td>\n",
       "      <td>0</td>\n",
       "      <td>0</td>\n",
       "      <td>0</td>\n",
       "      <td>0</td>\n",
       "      <td>1</td>\n",
       "      <td>1</td>\n",
       "      <td>1</td>\n",
       "      <td>1</td>\n",
       "      <td>1</td>\n",
       "      <td>0</td>\n",
       "      <td>2</td>\n",
       "    </tr>\n",
       "    <tr>\n",
       "      <th>273870029961</th>\n",
       "      <td>X</td>\n",
       "      <td>OTHER</td>\n",
       "      <td>4.750</td>\n",
       "      <td>124000</td>\n",
       "      <td>12</td>\n",
       "      <td>2012-02-01</td>\n",
       "      <td>2012-04-01</td>\n",
       "      <td>80</td>\n",
       "      <td>1</td>\n",
       "      <td>43.0</td>\n",
       "      <td>681.0</td>\n",
       "      <td>C86</td>\n",
       "      <td>0.0</td>\n",
       "      <td>0</td>\n",
       "      <td>1</td>\n",
       "      <td>2</td>\n",
       "      <td>3</td>\n",
       "      <td>4</td>\n",
       "      <td>5</td>\n",
       "      <td>6</td>\n",
       "      <td>7</td>\n",
       "      <td>8</td>\n",
       "      <td>9</td>\n",
       "      <td>10</td>\n",
       "      <td>11</td>\n",
       "      <td>1</td>\n",
       "      <td>0</td>\n",
       "      <td>2</td>\n",
       "    </tr>\n",
       "  </tbody>\n",
       "</table>\n",
       "</div>"
      ],
      "text/plain": [
       "             source       financial_institution  interest_rate  \\\n",
       "loan_id                                                          \n",
       "268055008619      Z  Turner, Baldwin and Rhodes          4.250   \n",
       "672831657627      Y  Swanson, Newton and Miller          4.875   \n",
       "742515242108      Z              Thornton-Davis          3.250   \n",
       "601385667462      X                       OTHER          4.750   \n",
       "273870029961      X                       OTHER          4.750   \n",
       "\n",
       "              unpaid_principal_bal  loan_term origination_date  \\\n",
       "loan_id                                                          \n",
       "268055008619                214000         12       2012-03-01   \n",
       "672831657627                144000         12       2012-01-01   \n",
       "742515242108                366000          6       2012-01-01   \n",
       "601385667462                135000         12       2012-02-01   \n",
       "273870029961                124000         12       2012-02-01   \n",
       "\n",
       "             first_payment_date  loan_to_value  number_of_borrowers  \\\n",
       "loan_id                                                               \n",
       "268055008619         2012-05-01             95                    1   \n",
       "672831657627         2012-03-01             72                    1   \n",
       "742515242108         2012-03-01             49                    1   \n",
       "601385667462         2012-04-01             46                    2   \n",
       "273870029961         2012-04-01             80                    1   \n",
       "\n",
       "              debt_to_income_ratio  borrower_credit_score loan_purpose  \\\n",
       "loan_id                                                                  \n",
       "268055008619                  22.0                  694.0          C86   \n",
       "672831657627                  44.0                  697.0          B12   \n",
       "742515242108                  33.0                  780.0          B12   \n",
       "601385667462                  44.0                  633.0          B12   \n",
       "273870029961                  43.0                  681.0          C86   \n",
       "\n",
       "              insurance_percent  m1  m2  m3  m4  m5  m6  m7  m8  m9  m10  m11  \\\n",
       "loan_id                                                                         \n",
       "268055008619               30.0   0   0   0   0   0   0   1   0   0    0    0   \n",
       "672831657627                0.0   0   0   0   0   0   0   0   0   0    0    1   \n",
       "742515242108                0.0   0   0   0   0   0   0   0   0   0    0    0   \n",
       "601385667462                0.0   0   0   0   0   0   0   0   0   1    1    1   \n",
       "273870029961                0.0   0   1   2   3   4   5   6   7   8    9   10   \n",
       "\n",
       "              m12  m13  has_insurance  months_until_first_payment  \n",
       "loan_id                                                            \n",
       "268055008619    0    1              1                           2  \n",
       "672831657627    0    1              0                           2  \n",
       "742515242108    0    1              0                           2  \n",
       "601385667462    1    1              0                           2  \n",
       "273870029961   11    1              0                           2  "
      ]
     },
     "execution_count": 32,
     "metadata": {},
     "output_type": "execute_result"
    }
   ],
   "source": [
    "df.head()"
   ]
  },
  {
   "cell_type": "markdown",
   "id": "05e053bc",
   "metadata": {},
   "source": [
    "## Feature Selection\n",
    "\n",
    "Now that you've created a bunch of new features, you need to determine which ones to use.\n",
    "There are different approaches for different types of variables. \n",
    "\n",
    "\n",
    "The most common approaches are:\n",
    "1. Correlation Coefficient: a metric used to find out the [correlation](https://en.wikipedia.org/wiki/Correlation) betwen continous variables. \n",
    "2. Chi-Squared test: test of independence for categorical columns.\n",
    "\n",
    "### 1. Using Correlation Coefficients to Remove Highly Correlated Features\n",
    "As we mentioned, we typically use this for continous variables, but sometimes interesting patterns can be seen for categorical variables as well.\n",
    "\n",
    "So let's visualise the correlation between all the columns."
   ]
  },
  {
   "cell_type": "code",
   "execution_count": 34,
   "id": "d02af43a",
   "metadata": {},
   "outputs": [
    {
     "data": {
      "application/vnd.plotly.v1+json": {
       "config": {
        "plotlyServerURL": "https://plot.ly"
       },
       "data": [
        {
         "coloraxis": "coloraxis",
         "hovertemplate": "x: %{x}<br>y: %{y}<br>color: %{z}<extra></extra>",
         "name": "0",
         "texttemplate": "%{z}",
         "type": "heatmap",
         "x": [
          "interest_rate",
          "unpaid_principal_bal",
          "loan_term",
          "loan_to_value",
          "number_of_borrowers",
          "debt_to_income_ratio",
          "borrower_credit_score",
          "insurance_percent",
          "m1",
          "m2",
          "m3",
          "m4",
          "m5",
          "m6",
          "m7",
          "m8",
          "m9",
          "m10",
          "m11",
          "m12",
          "m13",
          "has_insurance",
          "months_until_first_payment"
         ],
         "xaxis": "x",
         "y": [
          "interest_rate",
          "unpaid_principal_bal",
          "loan_term",
          "loan_to_value",
          "number_of_borrowers",
          "debt_to_income_ratio",
          "borrower_credit_score",
          "insurance_percent",
          "m1",
          "m2",
          "m3",
          "m4",
          "m5",
          "m6",
          "m7",
          "m8",
          "m9",
          "m10",
          "m11",
          "m12",
          "m13",
          "has_insurance",
          "months_until_first_payment"
         ],
         "yaxis": "y",
         "z": [
          [
           1,
           -0.0028541205383383825,
           0.720552598181569,
           0.2733792394050107,
           -0.12807476640522766,
           0.1819882899779483,
           -0.2256634604209475,
           0.14311609774136616,
           0.017419685684209797,
           0.026091896303980885,
           0.02672735183209783,
           0.03054311396329445,
           0.03572639411885879,
           0.03431137811633518,
           0.03213317517876254,
           0.035393054220909506,
           0.035840797801943276,
           0.03799437306821083,
           0.03705147154701146,
           0.03970825853680339,
           0.054297748337328436,
           0.12200168196897748,
           -0.02663014951099262
          ],
          [
           -0.0028541205383383825,
           1,
           0.19222777109376485,
           0.062447115085831374,
           0.13056524569529385,
           0.07341473868346626,
           0.054997416314658404,
           0.01092599586757839,
           0.0013425324944774835,
           -0.004001492734930902,
           -0.006026271051637632,
           -0.010343922064425675,
           -0.011460730663586471,
           -0.00781390834567281,
           -0.00891152395055612,
           -0.009228487116508161,
           -0.008983376088481208,
           -0.005865906585311706,
           -0.006411764274093573,
           -0.008253759386056778,
           -0.017119713693302716,
           0.007639660563790479,
           -0.0005913365843754762
          ],
          [
           0.720552598181569,
           0.19222777109376485,
           1,
           0.2926144918360624,
           -0.10740910103832747,
           0.13777940316381165,
           -0.0756219213761884,
           0.19072732658025687,
           0.00900006800837073,
           0.011753134227734949,
           0.010139899656038526,
           0.011689258759045086,
           0.0136560779767079,
           0.011628813827399973,
           0.011403733363571518,
           0.012947865640593666,
           0.014025465726366036,
           0.015487050168974593,
           0.014797676625391514,
           0.015756246785616917,
           0.023453482284017734,
           0.15941578807577877,
           -0.022431618235965987
          ],
          [
           0.2733792394050107,
           0.062447115085831374,
           0.2926144918360624,
           1,
           -0.10089751819748187,
           0.12699296891497977,
           -0.1511261160960322,
           0.49012772643374714,
           0.0023025952413104006,
           0.008937711065979594,
           0.0070760225870097945,
           0.009825642000951382,
           0.0069278181680634465,
           0.010560493070268111,
           0.010243111023952362,
           0.00993757510286933,
           0.008775043438361422,
           0.011102927732195783,
           0.010856127777416994,
           0.0108112023341921,
           0.01635669805761871,
           0.4945045764587838,
           -0.036756926825850675
          ],
          [
           -0.12807476640522766,
           0.13056524569529385,
           -0.10740910103832747,
           -0.10089751819748187,
           1,
           -0.13439450608143352,
           0.12714486026899677,
           -0.05897626829805582,
           -0.019400268592822695,
           -0.02074188504842738,
           -0.01893646528300335,
           -0.023441690076122866,
           -0.02466522623025889,
           -0.022336570504115208,
           -0.023715899561081867,
           -0.027471820021636978,
           -0.028033478506591363,
           -0.025946436889391435,
           -0.0276080953067425,
           -0.02966112665662004,
           -0.03997893193327483,
           -0.05513428155210075,
           0.011093757849347958
          ],
          [
           0.1819882899779483,
           0.07341473868346626,
           0.13777940316381165,
           0.12699296891497977,
           -0.13439450608143352,
           1,
           -0.20445457405687228,
           0.0669461675540316,
           0.013174719133462865,
           0.013742821580788697,
           0.013323877479094406,
           0.015444326765312676,
           0.020783932019935458,
           0.021241813842489642,
           0.021904134322343158,
           0.025401893605668486,
           0.02283619003908818,
           0.024309525898913813,
           0.025466823562180184,
           0.024697197227406577,
           0.03803324302713156,
           0.06195816385664183,
           -0.012798037665972256
          ],
          [
           -0.2256634604209475,
           0.054997416314658404,
           -0.0756219213761884,
           -0.1511261160960322,
           0.12714486026899677,
           -0.20445457405687228,
           1,
           -0.06806374927963814,
           -0.03190633997438458,
           -0.04422990221072849,
           -0.046116120366567814,
           -0.056810077626616114,
           -0.06610814264394588,
           -0.06670414283960455,
           -0.06864835072562663,
           -0.06861520090639549,
           -0.06674814619561192,
           -0.06661884746207168,
           -0.06683846916013748,
           -0.0687366715102138,
           -0.10261153739553525,
           -0.06731591192502549,
           0.008537499839602532
          ],
          [
           0.14311609774136616,
           0.01092599586757839,
           0.19072732658025687,
           0.49012772643374714,
           -0.05897626829805582,
           0.0669461675540316,
           -0.06806374927963814,
           1,
           -0.0029180620264060374,
           -0.00043327946498696897,
           -0.003246015191553014,
           -0.0007349910272146092,
           -0.003597886448331807,
           -0.001314659007561917,
           -0.0030966798902991284,
           -0.001997356458350675,
           -0.0022246100109424953,
           -0.0006515185755813111,
           -0.0001024963906575779,
           0.0005976548079850218,
           0.005721865152560822,
           0.9444559829710578,
           -0.030553676920724474
          ],
          [
           0.017419685684209797,
           0.0013425324944774835,
           0.00900006800837073,
           0.0023025952413104006,
           -0.019400268592822695,
           0.013174719133462865,
           -0.03190633997438458,
           -0.0029180620264060374,
           1,
           0.26527519093127705,
           0.2313123050009087,
           0.21921344901065412,
           0.19204862964295838,
           0.15647641169156362,
           0.14879643622567082,
           0.13971077845563634,
           0.14318581423807134,
           0.12969693503370563,
           0.128890764414159,
           0.11071766227626985,
           0.09205363061333653,
           -0.003164496152463431,
           -0.0036098511158444593
          ],
          [
           0.026091896303980885,
           -0.004001492734930902,
           0.011753134227734949,
           0.008937711065979594,
           -0.02074188504842738,
           0.013742821580788697,
           -0.04422990221072849,
           -0.00043327946498696897,
           0.26527519093127705,
           1,
           0.4886175497885562,
           0.45982630763605475,
           0.4081292770279555,
           0.3546266860204395,
           0.3255042235210481,
           0.27840446549979914,
           0.27026811638602144,
           0.25576000713863445,
           0.25147231469387693,
           0.22502994022143893,
           0.14692067142998017,
           -0.0010491735157387187,
           -0.00455407671612191
          ],
          [
           0.02672735183209783,
           -0.006026271051637632,
           0.010139899656038526,
           0.0070760225870097945,
           -0.01893646528300335,
           0.013323877479094406,
           -0.046116120366567814,
           -0.003246015191553014,
           0.2313123050009087,
           0.4886175497885562,
           1,
           0.5739430773580393,
           0.49698716086832756,
           0.44782366661474554,
           0.4065664849415158,
           0.33789664805114483,
           0.3233830631293563,
           0.3052798669597169,
           0.30385163605307025,
           0.2811478466570604,
           0.15739400237425882,
           -0.003305978387679295,
           -0.0022440332514795714
          ],
          [
           0.03054311396329445,
           -0.010343922064425675,
           0.011689258759045086,
           0.009825642000951382,
           -0.023441690076122866,
           0.015444326765312676,
           -0.056810077626616114,
           -0.0007349910272146092,
           0.21921344901065412,
           0.45982630763605475,
           0.5739430773580393,
           1,
           0.6845468428841551,
           0.587580657133409,
           0.5669537266246947,
           0.494744434554735,
           0.47412294219197215,
           0.4504284698170393,
           0.43503228102284075,
           0.40072677232516535,
           0.2189563004771984,
           0.00014919112772537977,
           -0.0049682517499905115
          ],
          [
           0.03572639411885879,
           -0.011460730663586471,
           0.0136560779767079,
           0.0069278181680634465,
           -0.02466522623025889,
           0.020783932019935458,
           -0.06610814264394588,
           -0.003597886448331807,
           0.19204862964295838,
           0.4081292770279555,
           0.49698716086832756,
           0.6845468428841551,
           1,
           0.6676206506824471,
           0.624085048717937,
           0.5539487460001454,
           0.5502794062824301,
           0.5200293930524973,
           0.5070419587798306,
           0.47102955269856955,
           0.25952894941624766,
           -0.0029353118919437375,
           -0.005041391023025529
          ],
          [
           0.03431137811633518,
           -0.00781390834567281,
           0.011628813827399973,
           0.010560493070268111,
           -0.022336570504115208,
           0.021241813842489642,
           -0.06670414283960455,
           -0.001314659007561917,
           0.15647641169156362,
           0.3546266860204395,
           0.44782366661474554,
           0.587580657133409,
           0.6676206506824471,
           1,
           0.7782049370348996,
           0.6994991992283967,
           0.6759900589141932,
           0.6374202462828896,
           0.632096691021457,
           0.5855271679373699,
           0.2877117901769882,
           -0.00046865822311567437,
           -0.0018631637158947009
          ],
          [
           0.03213317517876254,
           -0.00891152395055612,
           0.011403733363571518,
           0.010243111023952362,
           -0.023715899561081867,
           0.021904134322343158,
           -0.06864835072562663,
           -0.0030966798902991284,
           0.14879643622567082,
           0.3255042235210481,
           0.4065664849415158,
           0.5669537266246947,
           0.624085048717937,
           0.7782049370348996,
           1,
           0.7865916724663082,
           0.7429656416269487,
           0.7053849828001717,
           0.6940150363394343,
           0.6425451438401428,
           0.30907186696368605,
           -0.0025501547949146846,
           -0.004293176560402381
          ],
          [
           0.035393054220909506,
           -0.009228487116508161,
           0.012947865640593666,
           0.00993757510286933,
           -0.027471820021636978,
           0.025401893605668486,
           -0.06861520090639549,
           -0.001997356458350675,
           0.13971077845563634,
           0.27840446549979914,
           0.33789664805114483,
           0.494744434554735,
           0.5539487460001454,
           0.6994991992283967,
           0.7865916724663082,
           1,
           0.8421782878090976,
           0.7873058721112209,
           0.7673482166986331,
           0.7219740218374529,
           0.3393618020543545,
           -0.0018082577557573772,
           -0.003672109159885049
          ],
          [
           0.035840797801943276,
           -0.008983376088481208,
           0.014025465726366036,
           0.008775043438361422,
           -0.028033478506591363,
           0.02283619003908818,
           -0.06674814619561192,
           -0.0022246100109424953,
           0.14318581423807134,
           0.27026811638602144,
           0.3233830631293563,
           0.47412294219197215,
           0.5502794062824301,
           0.6759900589141932,
           0.7429656416269487,
           0.8421782878090976,
           1,
           0.8704216299662371,
           0.8392571155551667,
           0.7826744352518876,
           0.36913772632023295,
           -0.0010242804512214886,
           -0.003908909258381165
          ],
          [
           0.03799437306821083,
           -0.005865906585311706,
           0.015487050168974593,
           0.011102927732195783,
           -0.025946436889391435,
           0.024309525898913813,
           -0.06661884746207168,
           -0.0006515185755813111,
           0.12969693503370563,
           0.25576000713863445,
           0.3052798669597169,
           0.4504284698170393,
           0.5200293930524973,
           0.6374202462828896,
           0.7053849828001717,
           0.7873058721112209,
           0.8704216299662371,
           1,
           0.8794102667170238,
           0.8127103662658065,
           0.3678395993744436,
           0.0007189341719680315,
           -0.002880853942106823
          ],
          [
           0.03705147154701146,
           -0.006411764274093573,
           0.014797676625391514,
           0.010856127777416994,
           -0.0276080953067425,
           0.025466823562180184,
           -0.06683846916013748,
           -0.0001024963906575779,
           0.128890764414159,
           0.25147231469387693,
           0.30385163605307025,
           0.43503228102284075,
           0.5070419587798306,
           0.632096691021457,
           0.6940150363394343,
           0.7673482166986331,
           0.8392571155551667,
           0.8794102667170238,
           1,
           0.8785492847915295,
           0.4102133930470411,
           0.001036520436180955,
           -0.004024045753725507
          ],
          [
           0.03970825853680339,
           -0.008253759386056778,
           0.015756246785616917,
           0.0108112023341921,
           -0.02966112665662004,
           0.024697197227406577,
           -0.0687366715102138,
           0.0005976548079850218,
           0.11071766227626985,
           0.22502994022143893,
           0.2811478466570604,
           0.40072677232516535,
           0.47102955269856955,
           0.5855271679373699,
           0.6425451438401428,
           0.7219740218374529,
           0.7826744352518876,
           0.8127103662658065,
           0.8785492847915295,
           1,
           0.466441629422508,
           0.0015478008803141052,
           -0.004426042826885804
          ],
          [
           0.054297748337328436,
           -0.017119713693302716,
           0.023453482284017734,
           0.01635669805761871,
           -0.03997893193327483,
           0.03803324302713156,
           -0.10261153739553525,
           0.005721865152560822,
           0.09205363061333653,
           0.14692067142998017,
           0.15739400237425882,
           0.2189563004771984,
           0.25952894941624766,
           0.2877117901769882,
           0.30907186696368605,
           0.3393618020543545,
           0.36913772632023295,
           0.3678395993744436,
           0.4102133930470411,
           0.466441629422508,
           1,
           0.005607844082423057,
           -0.0034409955960395186
          ],
          [
           0.12200168196897748,
           0.007639660563790479,
           0.15941578807577877,
           0.4945045764587838,
           -0.05513428155210075,
           0.06195816385664183,
           -0.06731591192502549,
           0.9444559829710578,
           -0.003164496152463431,
           -0.0010491735157387187,
           -0.003305978387679295,
           0.00014919112772537977,
           -0.0029353118919437375,
           -0.00046865822311567437,
           -0.0025501547949146846,
           -0.0018082577557573772,
           -0.0010242804512214886,
           0.0007189341719680315,
           0.001036520436180955,
           0.0015478008803141052,
           0.005607844082423057,
           1,
           -0.027774261171647968
          ],
          [
           -0.02663014951099262,
           -0.0005913365843754762,
           -0.022431618235965987,
           -0.036756926825850675,
           0.011093757849347958,
           -0.012798037665972256,
           0.008537499839602532,
           -0.030553676920724474,
           -0.0036098511158444593,
           -0.00455407671612191,
           -0.0022440332514795714,
           -0.0049682517499905115,
           -0.005041391023025529,
           -0.0018631637158947009,
           -0.004293176560402381,
           -0.003672109159885049,
           -0.003908909258381165,
           -0.002880853942106823,
           -0.004024045753725507,
           -0.004426042826885804,
           -0.0034409955960395186,
           -0.027774261171647968,
           1
          ]
         ]
        }
       ],
       "layout": {
        "coloraxis": {
         "colorscale": [
          [
           0,
           "#0d0887"
          ],
          [
           0.1111111111111111,
           "#46039f"
          ],
          [
           0.2222222222222222,
           "#7201a8"
          ],
          [
           0.3333333333333333,
           "#9c179e"
          ],
          [
           0.4444444444444444,
           "#bd3786"
          ],
          [
           0.5555555555555556,
           "#d8576b"
          ],
          [
           0.6666666666666666,
           "#ed7953"
          ],
          [
           0.7777777777777778,
           "#fb9f3a"
          ],
          [
           0.8888888888888888,
           "#fdca26"
          ],
          [
           1,
           "#f0f921"
          ]
         ]
        },
        "margin": {
         "t": 60
        },
        "template": {
         "data": {
          "bar": [
           {
            "error_x": {
             "color": "#2a3f5f"
            },
            "error_y": {
             "color": "#2a3f5f"
            },
            "marker": {
             "line": {
              "color": "#E5ECF6",
              "width": 0.5
             },
             "pattern": {
              "fillmode": "overlay",
              "size": 10,
              "solidity": 0.2
             }
            },
            "type": "bar"
           }
          ],
          "barpolar": [
           {
            "marker": {
             "line": {
              "color": "#E5ECF6",
              "width": 0.5
             },
             "pattern": {
              "fillmode": "overlay",
              "size": 10,
              "solidity": 0.2
             }
            },
            "type": "barpolar"
           }
          ],
          "carpet": [
           {
            "aaxis": {
             "endlinecolor": "#2a3f5f",
             "gridcolor": "white",
             "linecolor": "white",
             "minorgridcolor": "white",
             "startlinecolor": "#2a3f5f"
            },
            "baxis": {
             "endlinecolor": "#2a3f5f",
             "gridcolor": "white",
             "linecolor": "white",
             "minorgridcolor": "white",
             "startlinecolor": "#2a3f5f"
            },
            "type": "carpet"
           }
          ],
          "choropleth": [
           {
            "colorbar": {
             "outlinewidth": 0,
             "ticks": ""
            },
            "type": "choropleth"
           }
          ],
          "contour": [
           {
            "colorbar": {
             "outlinewidth": 0,
             "ticks": ""
            },
            "colorscale": [
             [
              0,
              "#0d0887"
             ],
             [
              0.1111111111111111,
              "#46039f"
             ],
             [
              0.2222222222222222,
              "#7201a8"
             ],
             [
              0.3333333333333333,
              "#9c179e"
             ],
             [
              0.4444444444444444,
              "#bd3786"
             ],
             [
              0.5555555555555556,
              "#d8576b"
             ],
